46,4
0,273
0,270
10,202
10,218
10,154
10,232
10,92
10,130
10,184
10,94
11,22
11,24
11,26
11,12
11,18
11,2
11,3
8,13
8,5
8,4
8,9
12,2
12,1
12,3
78,4
78,3
78,2
78,1
78,0
76,3
76,2
76,1
76,0
72,3
72,2
72,1
72,0
68,5
68,4
68,3
68,2
68,1
68,0
66,5
66,4
66,3
66,2
66,1
66,0
64,3
64,2
64,1
64,0
63,3
63,2
63,1
63,0
60,5
60,4
60,3
60,2
60,1
60,0
58,5
58,4
58,3
58,2
58,1
58,0
46,3
46,1
45,5
45,3
45,1
44,4
44,3
44,2
44,1
42,3
42,1
39,3
39,1
37,3
37,1
35,3
35,1
33,4
33,3
33,2
33,1
28,5
28,3
28,1
25,3
25,1
20,3
20,2
20,1
19,3
19,2
19,1
18,3
18,1
14,5
14,4
14,3
14,2
14,1
13,3
13,1
11,14
11,1
11,10
10,306
10,302
